8
0	730	640	840	800	430	380	1010
730	0	710	1040	500	300	540	470
640	710	0	1420	1050	600	920	1160
840	1040	1420	0	740	950	570	900
800	500	1050	740	0	520	460	200
430	300	600	950	520	0	390	690
380	540	920	570	460	390	0	660
1010	470	1160	900	200	690	660	0
